Kepler-10b                  5034.08687   0.00018    0.83749070  0.00000020    1.470  0.020  0.030  84.8    3.9   3.2   1           0.          f  2.34 0.21 0.21   3.26  0.30   0.30    5.57  0.59 0.61  3.166 0.045 0.042 0.01685 0.00013 0.00013 2188.  16.  3820.    120.    120.    Kepler-10
Kepler-10c                  5062.26648   0.00081   45.294301    0.000048      2.355  0.022  0.022  89.623  0.011 0.011 1, 2        0.130 0.050    2.19 0.24 0.24  11.4   1.3    1.3     4.78  0.54 0.56  3.302 0.051 0.047 0.2410  0.0019  0.0019   578.   4.    18.68    0.57    0.57  Kepler-10
Kepler-19b                  4959.7074    0.0014     9.2869900   0.0000000     2.209  0.048  0.048  89.940  0.44  0.060 3, 4       <0.41           2.13 0.81 0.90   6.1   2.7    2.8     3.1   1.4  1.4   3.09  0.25  0.16  0.0846  0.0012  0.0012   851.  14.    87.6     6.0     6.0   Kepler-19
Kepler-20b                  4967.50225   0.00033    3.6961049   0.0000016     1.773  0.030  0.053  87.36   1.6   0.22  5, 6       <0.083          4.23 0.54 0.54   9.7   1.3    1.3     9.4   1.4  1.5   3.474 0.066 0.060 0.04565 0.00089 0.00089 1187.  16.   331.     19.     19.    Kepler-20
Kepler-20c                  4971.60886   0.00016   10.8540774   0.0000021     2.894  0.033  0.036  89.815  0.63  0.036 5, 6       <0.076          3.38 0.61 0.61  11.1   2.1    2.1     2.51  0.47 0.48  3.113 0.090 0.075 0.0936  0.0018  0.0018   828.  11.    78.7     4.6     4.6   Kepler-20
Kepler-20d                  4997.7296    0.0011    77.611455    0.000096      2.606  0.039  0.053  89.708  0.053 0.17  5, 6       <0.082          2.12 0.57 0.57  13.4   3.6    3.7     4.1   1.1  1.2   3.28  0.14  0.11  0.3474  0.0067  0.0067   430.   6.     5.71    0.33    0.33  Kepler-20
Kepler-20e                  4968.93956   0.00034    6.0984882   0.0000099     0.821  0.022  0.022  87.63   0.13  1.1   5, 6       <0.092         <0.28           < 0.76              <  7.5             <3.0               0.0637  0.0012  0.0012  1004.  14.   169.8     9.8     9.8   Kepler-20
Kepler-20f                  4968.19883   0.00057   19.578328    0.000048      0.952  0.087  0.047  88.788  0.072 0.43  5, 6       <0.094         <0.35           < 1.4               <  8.4             <3.2               0.1387  0.0027  0.0027   681.   9.    35.9     2.1     2.1   Kepler-20
Kepler-21b                  5093.83716   0.00085    2.7858212   0.0000032     1.639  0.015  0.019  83.20   0.26  0.28  7           0.          f  2.70 0.46 0.46   7.5   1.3    1.3     9.3   1.6  1.6   3.435 0.081 0.069 0.04340 0.00032 0.00021 2015.  16.  2749.     90.     90.    Kepler-21
Kepler-22b                  4966.7001    0.0068   289.863876    0.000013      2.10   0.12   0.12   89.764  0.042 0.025 8, 9, tw   <0.72          <1.6            < 9.1               <  5.2             <3.3               0.812   0.013   0.011    279.   4.     1.013   0.060   0.060 Kepler-22
Kepler-37b                  5017.0473    0.0037    13.367020    0.000060      0.3098 0.0076 0.0059 88.63   0.53  0.30  6, 10, tw  <0.098         <0.25           < 0.79              <140.              <3.9               0.1019  0.0014  0.0014   718.  10.    44.5     2.8     2.8   Kepler-37
Kepler-37c                  5024.83997   0.00087   21.301848    0.000018      0.755  0.055  0.033  89.07   0.33  0.19  6, 10, tw  <0.099         <0.34           < 1.3               < 15.              <3.3               0.1390  0.0020  0.0020   615.   9.    23.9     1.5     1.5   Kepler-37
Kepler-37d                  5008.24982   0.00013   39.7922622   0.0000065     2.030  0.039  0.030  89.335  0.047 0.043 6, 10, tw  <0.10          <0.44           < 2.0               <  1.3             <2.7               0.2109  0.0030  0.0030   499.   7.    10.39    0.65    0.65  Kepler-37
Kepler-68b                  5006.858780  0.000076   5.39875259  0.00000052    2.357  0.023  0.023  87.23   0.17  0.22  6, 11      <0.090          2.83 0.23 0.23   8.03  0.67   0.67    3.37  0.29 0.30  3.151 0.038 0.036 0.06135 0.00043 0.00043 1275.  17.   441.     25.     25.    Kepler-68
Kepler-68c                  4969.3821    0.0011     9.605027    0.000013      0.979  0.019  0.019  87.071  0.094 0.087 6, 11      <0.099         <0.37           < 1.3               <  7.5             <3.1               0.09008 0.00063 0.00063 1052.  14.   204.     12.     12.    Kepler-68
Kepler-78b                  4953.95984   0.00015    0.355007450 0.000000080   1.201  0.028  0.028  75.2    2.1   2.6   12, tw      0.          f  1.75 0.28 0.28   1.68  0.27   0.27    5.33  0.93 0.97  3.058 0.080 0.069 0.00901 0.00019 0.00012 2223.  32.  4070.    240.    240.    Kepler-78
Kepler-93b                  4944.29227   0.00013    4.72673978  0.00000097    1.478  0.019  0.019  89.183  0.044 0.044 13          0.          f  1.89 0.21 0.21   4.66  0.53   0.53    7.93  0.94 0.96  3.320 0.053 0.048 0.05343 0.00065 0.00065 1133.  17.   275.     18.     18.    Kepler-93
Kepler-102b                 4968.8696    0.0011     5.286965    0.000012      0.460  0.026  0.026  89.78   0.22  0.22  6, 14, tw  <0.100         <0.47           < 1.1               < 62.              <3.7               0.05521 0.00049 0.00049  857.  20.    90.0     9.0     9.0   Kepler-102
Kepler-102c                 4972.9746    0.0024     7.071392    0.000022      0.567  0.028  0.028  89.82   0.15  0.15  6, 14, tw  <0.094         <0.66           < 1.7               < 52.              <3.7               0.06702 0.00059 0.00059  777.  18.    61.0     6.1     6.1   Kepler-102
Kepler-102d                 4967.091280  0.000000  10.3117670   0.0000041     1.154  0.058  0.058  89.49   0.11  0.11  6, 14, tw  <0.092          1.02 0.44 0.44   3.0   1.3    1.3    10.7   4.6  5.1   3.34  0.24  0.16  0.08618 0.00076 0.00076  686.  16.    36.9     3.7     3.7   Kepler-102
Kepler-102e                 4967.75370   0.00012   16.1456994   0.0000022     2.17   0.11   0.11   89.488  0.051 0.051 6, 14, tw  <0.089          1.37 0.53 0.53   4.7   1.8    1.8     2.50  0.98 1.1   2.99  0.21  0.15  0.1162  0.0010  0.0010   590.  14.    20.3     2.0     2.0   Kepler-102
Kepler-102f                 4978.0276    0.0016    27.453592    0.000060      0.861  0.022  0.022  89.320  0.037 0.037 6, 14, tw  <0.10          <1.1            < 4.3               < 37.              <3.8               0.1656  0.0015  0.0015   495.  11.    10.0     1.0     1.0   Kepler-102
Kepler-103b                 5677.65243   0.00028   15.9653287   0.0000092     3.486  0.054  0.057  87.914  0.072 0.073 15         <0.093          2.21 0.88 0.88   9.8   3.9    3.9     1.28  0.50 0.52  2.90  0.22  0.15  0.13223 0.0013  0.00085  973.  13.   149.9     8.6     8.6   Kepler-103
Kepler-103c                 5667.15973   0.00044  179.60978     0.00020       5.45   0.18   0.18   87.704  0.055 0.12  15         <0.095          3.8  1.7  1.7   38.   16.    17.      1.29  0.55 0.58  3.10  0.24  0.16  0.6639  0.0063  0.0043   434.0  6.0    5.95    0.34    0.34  Kepler-103
Kepler-107b                 5701.08414   0.00037    3.1800218   0.0000029     1.536  0.025  0.025  89.05   0.67  0.67  16         <0.10           1.44 0.68 0.68   3.8   1.7    1.8     5.8   2.6  2.7   3.20  0.26  0.17  0.04544 0.00036 0.00036 1592.  19.  1073.     53.     53.    Kepler-107
Kepler-107c                 5697.01829   0.00079    4.9014520   0.0000000     1.597  0.026  0.026  89.49   0.44  0.34  16         <0.080          3.29 0.66 0.66  10.0   2.0    2.0    13.5   2.8  2.9   3.586 0.099 0.081 0.06064 0.00048 0.00048 1378.  16.   602.     30.     30.    Kepler-107
Kepler-107d                 5702.9547    0.0060     7.95839     0.00012       0.860  0.060  0.060  87.55   0.48  0.64  16         <0.11          <2.1            < 7.7               < 67.              <4.0               0.08377 0.00065 0.00065 1173.  14.   315.     16.     16.    Kepler-107
Kepler-107e                 5694.48550   0.00046   14.749143    0.000019      2.903  0.035  0.035  89.67   0.22  0.22  16         <0.10           3.22 0.74 0.74  14.1   3.3    3.3     3.18  0.74 0.75  3.216 0.11  0.091 0.12638 0.00099 0.00099  955.  11.   138.7     6.8     6.8   Kepler-107
Kepler-109b                 4955.97791   0.00060    6.4816307   0.0000048     2.49   0.11   0.11   87.06   0.11  0.11  6, 14, tw  <0.11          <1.6            < 4.9               <  1.7             <2.9               0.0701  0.0019  0.0019  1276.  23.   442.     34.     34.    Kepler-109
Kepler-109c                 4970.5722    0.0010    21.222650    0.000027      2.65   0.12   0.12   89.63   0.19  0.19  6, 14, tw  <0.098         <1.8            < 8.2               <  2.4             <3.1               0.1546  0.0042  0.0042   859.  16.    91.0     7.1     7.1   Kepler-109
Kepler-323b                 4953.9478    0.0014     1.6783280   0.0000015     1.381  0.035  0.035  88.3    3.9   1.5   9, 17, tw  <0.095         <2.1            < 3.9               <  8.2             <3.3               0.02778 0.00068 0.00068 1838.  35.  1900.    150.    150.    Kepler-323
Kepler-323c                 4956.9823    0.0020     3.5538229   0.0000022     1.570  0.040  0.040  88.7    1.3   1.3   9, 17, tw  <0.095          2.8  1.4  1.4    6.8   3.2    3.4     9.6   4.6  5.0   3.43  0.28  0.18  0.0458  0.0011  0.0011  1431.  27.   700.     56.     56.    Kepler-323
Kepler-409b                 5012.0829    0.0034    68.9583216   0.0000039     1.199  0.043  0.043  86.30   0.13  0.13  9, 14, tw  <0.69          <1.6            < 6.0               < 19.              <3.6               0.3192  0.0060  0.0060   438.   7.     6.15    0.42    0.42  Kepler-409
Kepler-454b                 5008.06758   0.00077   10.5737534   0.0000078     2.37   0.13   0.13   87.90   0.20  0.20  18         <0.32           1.64 0.41 0.41   5.4   1.4    1.4     2.23  0.64 0.75  2.98  0.14  0.11  0.09528 0.00091 0.0013   916.  10.   117.7     5.6     5.6   Kepler-454
Kepler-538b                 5044.6789    0.0011    81.73778     0.00013       2.215  0.034  0.040  89.730  0.060 0.14  19         <0.21           2.09 0.47 0.47  12.9   2.9    2.9     6.5   1.5  1.5   3.411 0.11  0.089 0.3554  0.0047  0.0068   417.   5.     5.07    0.29    0.29  Kepler-538
Kepler-1655b                5013.89795   0.00069   11.8728787   0.0000085     2.213  0.082  0.082  87.62   0.55  0.55  20         <0.19           1.51 0.48 0.48   5.4   1.7    1.7     2.72  0.90 0.97  3.03  0.17  0.13  0.1029  0.0014  0.0014   938.  15.   129.1     8.8     8.8   Kepler-1655
Kepler-1876b                4971.0510    0.0050     6.992050    0.000038      0.853  0.026  0.039  89.13   2.0   0.75  21, tw     <0.098         <0.71           < 2.4               < 19.              <3.5               0.0758  0.0019  0.0019  1299.  22.   475.     34.     34.    Kepler-1876
K2-2b        HIP116454b     6907.887     0.029      9.0949      0.0026      2 2.53   0.18   0.18   88.43   0.40  0.40  22         <0.089          3.73 0.42 0.42  10.1   1.1    1.2     3.41  0.72 0.94  3.187 0.080 0.079 0.07765 0.00093 0.00093  745.  15.    51.4     4.3     4.3   K2-2
K2-3b                       6813.41843   0.00039   10.0546260   0.0000000     2.25   0.23   0.23   89.588  0.100 0.12  23, tw     <0.094          2.66 0.37 0.37   6.47  0.99   1.0     3.12  0.90 1.3   3.10  0.11  0.11  0.0778  0.0026  0.0026   513.  29.    11.6     2.4     2.8   K2-3
K2-3c                       6812.28013   0.00095   24.646582    0.000039      1.69   0.17   0.17   89.905  0.088 0.066 23, tw     <0.095          1.01 0.35 0.35   3.3   1.2    1.2     3.7   1.5  2.1   3.05  0.20  0.16  0.1414  0.0047  0.0047   381.  21.     3.51    0.73    0.85  K2-3
K2-3d                       6826.22347   0.00053   44.556456    0.000097      1.62   0.18   0.18   89.788  0.029 0.033 23, tw     <0.097         <0.39           < 1.6               <  2.1             <2.8               0.2097  0.0070  0.0070   312.  17.     1.60    0.33    0.38  K2-3
K2-12b                      6815.3701    0.0029     8.28246     0.00052       2.44   0.14   0.30   87.6    5.4   1.8   24, tw     <0.50          <2.1            < 5.2               <  1.6             <2.9               0.0792  0.0013  0.0016  1026.  15.   185.     12.     12.    K2-12
K2-36b                      6810.8916    0.0013     1.422614    0.000038      1.430  0.080  0.080  84.45   0.48  0.78  25         <0.093          2.85 0.92 0.92   4.3   1.4    1.4     8.0   2.7  3.1   3.31  0.17  0.13  0.02288 0.00010 0.00010 1328.  12.   519.     20.     20.    K2-36
K2-36c                      6812.84001   0.00071    5.340888    0.000086      3.20   0.30   0.30   86.917  0.056 0.066 25         <0.089          3.4  1.2  1.2    7.9   2.8    2.8     1.30  0.51 0.71  2.88  0.20  0.16  0.05528 0.00023 0.00023  854.   8.    89.0     3.4     3.4   K2-36
K2-38b                      6896.8786    0.0054     4.01593     0.00050       1.655  0.096  0.096  88.36   0.15  0.17  26, 27, tw <0.11           3.02 0.43 0.43   7.7   1.1    1.2     9.3   1.9  2.4   3.440 0.085 0.080 0.0503  0.0011  0.0011  1310.  22.   490.     35.     35.    K2-38
K2-38c                      6900.4752    0.0033    10.56103     0.00090       2.49   0.22   0.22   87.68   0.28  0.31  26, 27, tw <0.086          2.11 0.37 0.37   7.4   1.3    1.4     2.63  0.72 1.0   3.07  0.11  0.11  0.0959  0.0022  0.0022   949.  16.   135.3     9.5     9.5   K2-38
K2-79b                      7103.22750   0.00084   10.99470     0.00047       4.09   0.12   0.17   88.44   0.44  0.44  28         <0.23           2.63 0.69 0.69   9.2   2.4    2.4     0.73  0.20 0.21  2.73  0.14  0.11  0.0988  0.0023  0.0017  1022.  20.   181.     15.     15.    K2-79
K2-96b      HD3167b         7394.37454   0.00043    0.959641    0.000011      1.670  0.100  0.17   83.4    7.7   4.6   29, tw      0.          f  3.56 0.15 0.15   4.97  0.23   0.24    5.6   1.3  1.2   3.227 0.072 0.057 0.01796 0.00031 0.00037 1774.  29.  1650.    110.    110.    K2-96
K2-96c      HD3167c         7394.9788    0.0012    29.8454      0.0012        3.00   0.21   0.45   89.30   1.0   0.50  29, tw     <0.060          2.58 0.15 0.15  11.13  0.74   0.78    2.11  0.69 0.51  3.060 0.11  0.064 0.1776  0.0031  0.0037   564.   9.    16.9     1.1     1.1   K2-96
K2-106b                     7394.01140   0.00000    0.571292    0.000012      1.725  0.039  0.039  86.4    4.1   2.5   30, tw      0.          f  6.50 0.52 0.52   8.21  0.74   0.76    8.77  0.94 1.0   3.432 0.045 0.044 0.01326 0.00023 0.00028 2300.  36.  4670.    300.    300.    K2-106
K2-106c                     7405.7316    0.0044    13.33970     0.00096       2.836  0.073  0.086  89.35   0.46  0.43  30, tw     <0.13           2.48 0.66 0.66   8.9   2.4    2.4     2.12  0.57 0.58  3.03  0.13  0.10  0.1083  0.0018  0.0023   805.  12.    70.0     4.5     4.5   K2-106
K2-110b                     7275.32992   0.00061   13.86375     0.00026       2.592  0.097  0.098  89.35   0.24  0.41  31         <0.13           5.25 0.89 0.89  15.9   2.7    2.7     5.02  0.98 1.1   3.366 0.087 0.077 0.10207 0.00083 0.00083  638.  11.    27.7     2.0     2.0   K2-110
K2-111b                     7100.0768    0.0019     5.35180     0.00040       1.820  0.090  0.11   86.43   0.21  0.37  32         <0.100          2.30 0.30 0.30   5.58  0.73   0.74    5.0   1.0  1.1   3.212 0.079 0.073 0.05650 0.00045 0.00045 1309.  19.   490.     30.     30.    K2-111
K2-131b                     7582.9360    0.0011     0.3693038   0.0000091     1.690  0.058  0.085  85.0   10.    9.0   33, tw      0.          f  8.0  1.3  1.3    7.9   1.3    1.3     8.8   1.7  1.9   3.426 0.084 0.075 0.00936 0.00014 0.00014 2223.  37.  4070.    280.    280.    K2-131
K2-135b     GJ9827b         7738.82586   0.00026    1.2089819   0.0000071     1.577  0.031  0.027  86.07   0.34  0.41  34         <0.063          4.31 0.39 0.39   5.14  0.47   0.47    7.19  0.76 0.81  3.306 0.045 0.042 0.01880 0.00016 0.00016 1175.  14.   318.     16.     16.    K2-135
K2-135c     GJ9827c         7742.19930   0.00073    3.648096    0.000063      1.241  0.026  0.024  88.19   0.18  0.21  34         <0.094         <0.75           < 1.3               <  3.7             <2.9               0.03925 0.00033 0.00033  813.  10.    73.0     3.7     3.7   K2-135
K2-135d     GJ9827d         7740.96115   0.00045    6.201470    0.000063      2.022  0.043  0.046  87.443  0.045 0.045 34         <0.13           1.73 0.43 0.43   3.53  0.88   0.87    2.34  0.59 0.62  2.926 0.13  0.099 0.05590 0.00046 0.00046  681.   8.    36.0     1.9     1.9   K2-135
K2-141b                     7744.07160   0.00022    0.2803244   0.0000015     1.510  0.050  0.050  86.3    3.6   2.7   35          0.          f  6.10 0.39 0.39   4.97  0.34   0.35    7.93  0.91 1.0   3.330 0.042 0.041 0.00747 0.00010 0.00010 2103.  56.  3260.    330.    370.    K2-141
K2-141c                     7751.15460   0.00000    7.74850     0.00022       7.0    2.8    4.6    87.2    2.0   1.6   35         <0.092         <3.2            < 8.0               <  0.081           <1.9               0.06830 0.00091 0.00091  695.  18.    39.1     4.3     4.3   K2-141
K2-167b                     6979.9368    0.0025     9.97748     0.00000       2.30   0.14   0.21   88.6    2.0   1.0   24, tw     <0.47           1.97 0.55 1.1    6.5   1.5    1.6     2.87  0.36 0.24  3.073 0.071 0.050 0.0910  0.0025  0.0025  1174.  24.   317.     27.     27.    K2-167
K2-222b                     7399.0595    0.0016    15.38857     0.00088       2.350  0.070  0.080  89.12   0.41  0.55  28         <0.16           2.29 0.43 0.43   8.7   1.7    1.7     3.68  0.77 0.86  3.188 0.097 0.085 0.1206  0.0029  0.0029   871.  23.    96.0     9.7    11.    K2-222
K2-262b     Wolf503b        8191.36145   0.00011    6.001270    0.000021      2.043  0.069  0.069  89.87   0.13  0.13  36          0.409 0.085    3.11 0.39 0.39   6.27  0.84   0.85    4.03  0.64 0.72  3.168 0.069 0.063 0.05712 0.00045 0.00063  789.  16.    64.7     5.5     5.5   K2-262
K2-263b                     8111.1274    0.0012    50.818947    0.000094      2.41   0.12   0.12   89.240  0.070 0.050 37         <0.15           2.83 0.39 0.39  14.9   2.1    2.1     5.8   1.1  1.3   3.399 0.078 0.073 0.2573  0.0030  0.0030   470.   7.     8.17    0.52    0.52  K2-263
K2-312b     HD80653b        8134.42440   0.00070    0.719573    0.000021      1.613  0.071  0.071  82.1    2.4   2.4   38          0.          f  3.62 0.21 0.21   5.72  0.35   0.36    7.47  1.00 1.2   3.333 0.046 0.048 0.01661 0.00019 0.00019 2463.  30.  6130.    310.    310.    K2-312
K2-418b     EPIC-229004835b 7920.44584   0.00080   16.141132    0.000019      2.332  0.094  0.080  88.08   0.24  0.26  39         <0.23           2.76 0.39 0.39  10.4   1.5    1.6     4.49  0.81 0.92  3.272 0.077 0.070 0.1237  0.0017  0.0017   804.  10.    69.7     3.7     3.7   K2-418
