Kepler-10                  m 0.910 0.021 0.021 1.065  0.009  0.009  5708  28 -0.15  0.04  0.04   10.6  1.3  1.5  291 291 2 1 4021 2014ApJ...789..154D
Kepler-19                  s 0.936 0.040 0.040 0.859  0.018  0.018  5541  60 -0.13  0.06  0.06    1.9  1.7  1.7  104 104 2 1 2912 2011ApJ...743..200B, 2017AJ....153..224M
Kepler-20                  m 0.929 0.053 0.053 0.9164 0.0077 0.0087 5495  50  0.07  0.08  0.08    5.6  3.5  4.5  161 131 2   3669 2016AJ....152..160B, this work
Kepler-21                  s 1.408 0.030 0.021 1.902  0.012  0.018  6305  50 -0.03  0.10  0.10    2.84 0.35 0.35  98  98 1   1972 2012ApJ...746..123H, 2016AJ....152..204L
Kepler-22                  s 0.857 0.043 0.051 0.869  0.011  0.011  5596  61 -0.255 0.065 0.065   7.0  4.2  4.0   70  55 3 1 3913 2019AJ....157...52B, this work
Kepler-37                  m 0.790 0.030 0.033 0.7890 0.0056 0.0064 5357  68 -0.36  0.05  0.05    7.6  3.1  3.4  145 114 2   3424 2019AJ....157...52B, 2021MNRAS.507.1847R
Kepler-68                  m 1.057 0.020 0.022 1.2564 0.0084 0.0084 5847  75  0.11  0.06  0.06    6.84 1.04 0.90 225 143 2   4521 2019AJ....157..145M, Marginietalinprep
Kepler-78                  s 0.779 0.046 0.032 0.7475 0.0078 0.0077 5058  50 -0.18  0.08  0.08    ---            201 117 2   2312 2013Natur.503..377P, 2013Natur.503..381H, 2019ApJ...883...79D
Kepler-93                  s 0.911 0.033 0.033 0.919  0.011  0.011  5669  75 -0.18  0.10  0.10    6.6  0.9  0.9  153 121 2   4435 2014ApJS..210...20M, 2015ApJ...800..135D
Kepler-102                 m 0.803 0.021 0.021 0.724  0.018  0.018  4909  98  0.11  0.04  0.04    1.1  0.5  3.6  146  74 3 1 3746 2023AJ....165...74B
Kepler-103                 m 1.212 0.033 0.024 1.492  0.022  0.024  6009  64  0.16  0.04  0.04    ---             60  60 1   1594 2019MNRAS.490.5103D
Kepler-107                 m 1.238 0.029 0.029 1.447  0.014  0.014  5854  61  0.321 0.065 0.065   4.29 0.56 0.70 121 121 1   2180 2019NatAs...3..416B
Kepler-109                 m 1.094 0.078 0.086 1.387  0.021  0.021  5950  62 -0.020 0.065 0.065   6.2  2.2  2.7   66  51 2   3663 2019AJ....157...52B, this work
Kepler-323                 m 1.015 0.070 0.072 1.120  0.018  0.020  6004  71 -0.14  0.07  0.07    5.4  2.8  3.4   48  48 1   2237 this work   
Kepler-409                 s 0.913 0.048 0.050 0.897  0.011  0.012  5421  64  0.05  0.07  0.07    5.8  3.6  4.5   65  40 2   3362 2019AJ....157...52B, this work
Kepler-454                 s 1.03  0.03  0.04  1.066  0.012  0.012  5687  49  0.32  0.08  0.08    5.25 1.39 1.41 147 111 2   4404 2016ApJ...816...95G
Kepler-538                 s 0.892 0.035 0.051 0.8717 0.0061 0.0064 5534  61 -0.09  0.065 0.065   5.3  3.0  2.4  111  85 2   3336 2019AJ....158..165M
Kepler-1655                s 1.03  0.04  0.04  1.03   0.02   0.02   6148  71 -0.24  0.05  0.05    2.56 1.06 1.06  97  97 1   1566 2018AJ....155..203H
Kepler-1876                s 1.187 0.088 0.075 1.477  0.022  0.021  6104  57  0.01  0.06  0.06    4.4  1.4  2.1   70  70 1    464 this work   
K2-2        HIP116454      s 0.755 0.027 0.027 0.716  0.024  0.024  5089  50 -0.16  0.08  0.08    ---            108 108 2   2367 2015ApJ...800...59V
K2-3                       m 0.62  0.06  0.06  0.60   0.06   0.06   3835  70 -0.01  0.09  0.09  > 1.             327 195 3    898 2018A&A...615A..69D
K2-12                      s 0.965 0.048 0.064 1.117  0.014  0.014  5672  63  0.00  0.07  0.07    8.9  3.3  3.0   50  50 1   2535 this work   
K2-36                      m 0.79  0.01  0.01  0.718  0.006  0.008  4916  37 -0.09  0.04  0.06    ---             86  86 1   1865 2019A&A...624A..38D
K2-38                      m 1.054 0.063 0.070 1.141  0.012  0.012  5705  66  0.235 0.070 0.070   6.1  3.1  3.4   97  40 4   1576 2020A&A...641A..92T, this work
K2-79                      s 1.066 0.070 0.057 1.265  0.027  0.041  5897 118  0.035 0.060 0.060   6.5  1.3  1.3   77  77 1   1517 2022AJ....163...41N
K2-96       HD3167         m 0.837 0.043 0.053 0.880  0.013  0.012  5261  60  0.04  0.05  0.05    7.8  4.3  4.3  471 213 5   1940 2019ApJ...883...79D, 2017AJ....154..122C, 2017AJ....154..123G, 2022A&A...668A..31B
K2-106                     s 0.950 0.048 0.060 0.988  0.011  0.011  5532  62  0.11  0.07  0.07    7.5  4.0  3.8  111  44 4   1231 2017AJ....153..271S, 2017A&A...608A..93G, this work   
K2-110                     s 0.738 0.018 0.018 0.713  0.020  0.020  5010  50 -0.34  0.03  0.03    8.   3.   3.    32  15 2   1470 2017A&A...604A..19O
K2-111                     s 0.84  0.02  0.02  1.25   0.02   0.02   5775  70 -0.46  0.05  0.05   13.5  0.9  0.4  155 114 1   1590 2017A&A...604A..16F, 2020MNRAS.499.5004M
K2-131                     s 0.803 0.034 0.034 0.7595 0.0089 0.0087 5120  71 -0.04  0.07  0.07    5.3  3.7  4.9  114  83 2    463 2017AJ....154..226D, this work
K2-135      GJ9827         m 0.606 0.014 0.015 0.602  0.004  0.005  4305  49 -0.26  0.09  0.09   10.   5.   3.   127  50 4   3922 2018AJ....155..148T, 2018A&A...618A.116P, 2019MNRAS.484.3731R
K2-141                     m 0.708 0.028 0.028 0.681  0.018  0.018  4570 100  0.00  0.06  0.06    6.3  4.7  6.6   74  49 2   1501 2018AJ....155..107M, 2018A&A...612A..95B
K2-167                     s 1.010 0.071 0.081 1.494  0.034  0.036  6011  60 -0.40  0.06  0.06    7.5  2.1  2.4   82  82 1   2208 this work   
K2-222                     s 0.989 0.065 0.070 1.115  0.029  0.029  5942 119 -0.315 0.060 0.060   7.1  1.7  1.5   70  70 1   1599 2022AJ....163...41N
K2-262      Wolf503        s 0.688 0.016 0.023 0.689  0.020  0.021  4716  60 -0.47  0.08  0.08   11.   2.   2.    84  25 4   1116 2018AJ....156..188P, 2021AJ....162..238P
K2-263                     s 0.88  0.03  0.03  0.85   0.02   0.02   5368  44 -0.08  0.05  0.05    7.   4.   4.    95  95 1   1545 2018MNRAS.481.1839M
K2-312      HD80653        s 1.18  0.04  0.04  1.22   0.01   0.01   5959  61  0.255 0.065 0.065   2.67 1.20 1.20 208 208 1   1068 2020A&A...633A.133F
K2-418      EPIC-229004835 s 0.97  0.04  0.04  0.999  0.008  0.008  5868  60 -0.12  0.05  0.05    4.9  1.7  1.9  126 126 1    845 Tronsgaard et al., in prep
